objective_weights:
  alpha: 0.5
  beta: 0.3
  gamma: 0.2
ar_target:
  LIVELIHOOD: 0.08
  CARE: 0.08
  HEALTH_MENTAL_DELTA: 0.08
  DAILY_LONGTERM: 0.08
  HOUSING: 0.08
  EMPLOYMENT: 0.08
  ISOLATION: 0.08
thresholds:
  LIVELIHOOD:
    t: 0.3
    track: A
    metrics:
      AR: 0.05085369295274956
      CV: 2.640883801424946
      DELTA: 0.023177461943023447
      ALERTS_mean: 517.4871794871794
      J: 0.8114737863397137
  CARE:
    t: 0.7700000000000005
    track: A
    metrics:
      AR: 0.07934708111594904
      CV: 0.12166470079248395
      DELTA: 0.6060644451225367
      ALERTS_mean: 807.4358974358975
      J: 0.158038758704278
  HEALTH_MENTAL_DELTA:
    t: 0.3
    track: A
    metrics:
      AR: 0.04624506128043864
      CV: 0.2886995213511685
      DELTA: 0.01769603809605206
      ALERTS_mean: 470.5897435897436
      J: 0.10702653338434163
  DAILY_LONGTERM:
    t: 0.3
    track: A
    metrics:
      AR: 0.04234196097403645
      CV: 0.42640879391962344
      DELTA: 0.016052652744031837
      ALERTS_mean: 430.87179487179486
      J: 0.14996218823767518
  HOUSING:
    t: 0.32
    track: A
    metrics:
      AR: 0.05116362280277375
      CV: 0.47908162406423604
      DELTA: 0.0841409410105898
      ALERTS_mean: 520.6410256410256
      J: 0.1749708640200019
  EMPLOYMENT:
    t: 0.5400000000000003
    track: A
    metrics:
      AR: 0.0324141267537494
      CV: 0.4139452477223011
      DELTA: 0.053585550115255835
      ALERTS_mean: 329.84615384615387
      J: 0.1586936209628668
  ISOLATION:
    t: 0.9000000000000006
    track: A
    metrics:
      AR: 0.04852291969037252
      CV: 0.07642346975124371
      DELTA: 0.3685026774042741
      ALERTS_mean: 493.7692307692308
      J: 0.11236611656104167
